##FastQC	0.11.9
>>Basic Statistics	pass
#Measure	Value
Filename	Lu01.pair1.truncated.gz
File type	Conventional base calls
Encoding	Sanger / Illumina 1.9
Total Sequences	22984955
Sequences flagged as poor quality	0
Sequence length	15-35
%GC	50
>>END_MODULE
>>Per base sequence quality	pass
#Base	Mean	Median	Lower Quartile	Upper Quartile	10th Percentile	90th Percentile
1	38.83865780898853	40.0	38.0	40.0	38.0	40.0
2	38.40301297087595	40.0	38.0	40.0	38.0	40.0
3	38.35984912739659	40.0	38.0	40.0	38.0	40.0
4	38.35068752581852	40.0	38.0	40.0	38.0	40.0
5	38.33508875697168	40.0	38.0	40.0	38.0	40.0
6	38.330998777243636	40.0	38.0	40.0	38.0	40.0
7	38.33323515316867	40.0	38.0	40.0	38.0	40.0
8	38.33126825786694	40.0	38.0	40.0	38.0	40.0
9	38.322915272185654	40.0	38.0	40.0	38.0	40.0
10	38.31508549831835	40.0	38.0	40.0	38.0	40.0
11	38.30477936545884	40.0	38.0	40.0	38.0	40.0
12	38.26980879449187	40.0	38.0	40.0	38.0	40.0
13	38.28051618982939	40.0	38.0	40.0	38.0	40.0
14	38.296932841504365	40.0	38.0	40.0	38.0	40.0
15	38.303682256502135	40.0	38.0	40.0	38.0	40.0
16	38.31529639594456	40.0	38.0	40.0	38.0	40.0
17	38.30465802720707	40.0	38.0	40.0	38.0	40.0
18	38.30545129377625	40.0	38.0	40.0	38.0	40.0
19	38.30402995891296	40.0	38.0	40.0	38.0	40.0
20	38.28450163324487	40.0	38.0	40.0	38.0	40.0
21	38.29031796133164	40.0	38.0	40.0	38.0	40.0
22	38.28994173102757	40.0	38.0	40.0	38.0	40.0
23	38.294866849423215	40.0	38.0	40.0	38.0	40.0
24	38.30827070265092	40.0	38.0	40.0	38.0	40.0
25	38.32251371088622	40.0	38.0	40.0	38.0	40.0
26	38.338429335468206	40.0	38.0	40.0	38.0	40.0
27	38.327744938084535	40.0	38.0	40.0	38.0	40.0
28	38.347142397095126	40.0	38.0	40.0	38.0	40.0
29	38.36845004076903	40.0	38.0	40.0	38.0	40.0
30	38.386845069413454	40.0	38.0	40.0	38.0	40.0
31	38.41262121676027	40.0	38.0	40.0	38.0	40.0
32	38.447513340184365	40.0	38.0	40.0	38.0	40.0
33	38.495957497581536	40.0	38.0	40.0	38.0	40.0
34	38.6264760549438	40.0	38.0	40.0	38.0	40.0
35	38.66945282625797	38.0	38.0	40.0	38.0	40.0
>>END_MODULE
>>Per tile sequence quality	pass
#Tile	Base	Mean
1101	1	0.09101009676987815
1101	2	0.22567146328462684
1101	3	0.21200675073617958
1101	4	0.2355268963151289
1101	5	0.24429597083960886
1101	6	0.23576889150386648
1101	7	0.22895900669167446
1101	8	0.2366288931072873
1101	9	0.20374613179320988
1101	10	0.1954746212659657
1101	11	0.2503011271497044
1101	12	0.28094755332933374
1101	13	0.2639765324977219
1101	14	0.2596317558763346
1101	15	0.2422833908792157
1101	16	0.22095541034716604
1101	17	0.24131846037919047
1101	18	0.2170448436902035
1101	19	0.21852403343319082
1101	20	0.24958547068956705
1101	21	0.25699448802942726
1101	22	0.2892162855237146
1101	23	0.23514042071820285
1101	24	0.19006392245952242
1101	25	0.20503031774359215
1101	26	0.22841747565843207
1101	27	0.2309441400929586
1101	28	0.24091838686940292
1101	29	0.1860091836768163
1101	30	0.17803800463991593
1101	31	0.20560476250751947
1101	32	0.1831882904575295
1101	33	0.13234721661098092
1101	34	0.12447801567416406
1101	35	0.09715152242478808
1102	1	0.10017387213216722
1102	2	0.21211852430013778
1102	3	0.19869932583252847
1102	4	0.21639920483170982
1102	5	0.2583032718492362
1102	6	0.23606578518977273
1102	7	0.2303319807294244
1102	8	0.2531509034105923
1102	9	0.2550783995083492
1102	10	0.23946898002736106
1102	11	0.23082031336220865
1102	12	0.23997235072916112
1102	13	0.24660034366488048
1102	14	0.22547965067913367
1102	15	0.22497569376887583
1102	16	0.2314267845619753
1102	17	0.24853400758583888
1102	18	0.2209747729856275
1102	19	0.249698049306609
1102	20	0.2516753900024611
1102	21	0.19130436106022586
1102	22	0.2327901874258913
1102	23	0.22874459849534645
1102	24	0.2015526738200677
1102	25	0.19975718107288287
1102	26	0.20175170972245127
1102	27	0.19684195447341324
1102	28	0.21738268805043504
1102	29	0.2113711469175712
1102	30	0.20409626964380578
1102	31	0.18319589277243864
1102	32	0.18178819005704128
1102	33	0.12344841247405469
1102	34	0.11820680723659649
1102	35	0.12311060913408767
1103	1	0.08300224990939142
1103	2	0.17821414666051538
1103	3	0.14913912348047376
1103	4	0.1959305522115784
1103	5	0.19507693760416345
1103	6	0.16520569586113965
1103	7	0.12921910006939896
1103	8	0.15316041985952467
1103	9	0.19845826319504312
1103	10	0.16863653791912014
1103	11	0.1827880702709237
1103	12	0.1813523963762762
1103	13	0.20241581277003462
1103	14	0.19327854710980574
1103	15	0.16985811569586673
1103	16	0.15840381342549392
1103	17	0.15205405396164906
1103	18	0.13378112636208073
1103	19	0.13655180248493792
1103	20	0.19494943931004372
1103	21	0.18057743699522888
1103	22	0.1239468799550707
1103	23	0.1590580558464083
1103	24	0.15392661640673566
1103	25	0.198829724241115
1103	26	0.16251394380239503
1103	27	0.16399032244982692
1103	28	0.17061752107673556
1103	29	0.11418094632469433
1103	30	0.12125310625924612
1103	31	0.14083775134803744
1103	32	0.18306698347697647
1103	33	0.15172247369701353
1103	34	0.10171597455384074
1103	35	0.10612217243439659
1104	1	0.0467746353087648
1104	2	0.11473331674106646
1104	3	0.1110665977013312
1104	4	0.11796239200188552
1104	5	0.15544588307599128
1104	6	0.11922835243197483
1104	7	0.1176503164940712
1104	8	0.08769839488519438
1104	9	0.1121585968786718
1104	10	0.09184082937620275
1104	11	0.12769550817931474
1104	12	0.15402700461976337
1104	13	0.13532670607289532
1104	14	0.12119244021388909
1104	15	0.11242794835749237
1104	16	0.11307998952238307
1104	17	0.10876467076675311
1104	18	0.08337803602497473
1104	19	0.07746592801287022
1104	20	0.10139060549498424
1104	21	0.08843954350474093
1104	22	0.12224835441838877
1104	23	0.11088067462166862
1104	24	0.09040493239369596
1104	25	0.10996635644544739
1104	26	0.10136031168993043
1104	27	0.11220086786604355
1104	28	0.12232280231341974
1104	29	0.10379698090796552
1104	30	0.10210876034002325
1104	31	0.07441812610515086
1104	32	0.06634065139102319
1104	33	0.0746113082198292
1104	34	0.06789662366144
1104	35	0.0703404405738226
1105	1	0.031749716182879695
1105	2	0.08037499998312114
1105	3	0.06314063410418669
1105	4	0.09508902987694512
1105	5	0.09040618215448148
1105	6	0.11935996648112734
1105	7	0.10635069234034944
1105	8	0.09345952428549253
1105	9	0.09660845631848503
1105	10	0.09305019793833225
1105	11	0.0874297964838533
1105	12	0.13372350052178206
1105	13	0.1283427281949443
1105	14	0.08516443960288456
1105	15	0.11393053625022276
1105	16	0.11536785331655608
1105	17	0.10676469694809043
1105	18	0.08436113472582463
1105	19	0.09752796004402597
1105	20	0.11509798012862404
1105	21	0.1003943716167015
1105	22	0.09472383439089782
1105	23	0.06204867363261002
1105	24	0.07139959682422159
1105	25	0.07524711506376747
1105	26	0.06563990584028545
1105	27	0.08092339809927296
1105	28	0.10321764217667351
1105	29	0.08718610525450288
1105	30	0.08726005179819651
1105	31	0.08690325909674357
1105	32	0.08915976703649875
1105	33	0.055021464314933155
1105	34	0.0018110741427292965
1105	35	0.05406894461429346
1106	1	-0.006659597343713131
1106	2	0.030813546681386583
1106	3	0.0391926287594373
1106	4	0.0029282391226530535
1106	5	0.024108133545659882
1106	6	0.04157019063804768
1106	7	0.019306127779522342
1106	8	0.029010130378011922
1106	9	0.03155511832269298
1106	10	0.012358549060650148
1106	11	0.016934946681082863
1106	12	0.08806745910451497
1106	13	0.0677475903368645
1106	14	0.03598062344514119
1106	15	0.02531220237955978
1106	16	0.03899386800511451
1106	17	-0.01333890939551452
1106	18	0.04382910189615785
1106	19	-0.009325211961964897
1106	20	0.04903945491024331
1106	21	0.016835324422032727
1106	22	0.041755856478992825
1106	23	0.02004890479991417
1106	24	0.014432288284183414
1106	25	0.011104380038339912
1106	26	0.0018307159770500903
1106	27	0.021945693811062483
1106	28	0.01732171533424065
1106	29	0.007983428404457982
1106	30	0.0013897097381274648
1106	31	-8.135956582719928E-4
1106	32	0.015378377104369179
1106	33	-0.013252559054905078
1106	34	0.002619505559096069
1106	35	0.030680265271413987
1107	1	0.0014265963698747441
1107	2	0.058676728689860624
1107	3	0.035047741908499574
1107	4	0.05546374431197165
1107	5	0.03615788177087609
1107	6	0.0578901035965842
1107	7	0.02329630507171032
1107	8	0.033313035975197636
1107	9	0.05464842972659767
1107	10	0.07502843652134317
1107	11	0.060342285308600196
1107	12	0.1190371120282947
1107	13	0.07973412105775424
1107	14	0.03509391209038881
1107	15	0.055348792729809304
1107	16	0.03568213228248851
1107	17	0.008736380356928919
1107	18	-0.01187425140103926
1107	19	0.02982414156818436
1107	20	0.07347671206499484
1107	21	0.059162875111937296
1107	22	0.07447479319586137
1107	23	0.049905166764553144
1107	24	0.05955430340836898
1107	25	0.03386285910102771
1107	26	0.03585688620761118
1107	27	0.047097726744127044
1107	28	0.0193159683900177
1107	29	0.045974057198975515
1107	30	0.039195708415213915
1107	31	0.027309566402301755
1107	32	0.03666602202168434
1107	33	0.04635542024792727
1107	34	0.02424853368281532
1107	35	0.058279231611855664
1108	1	-0.0058751082289134615
1108	2	0.03710886629507115
1108	3	0.031409232447039415
1108	4	0.04382167386022218
1108	5	0.00661742145647537
1108	6	0.015017157156833605
1108	7	0.007378709441226761
1108	8	0.022666382900730753
1108	9	0.04467774184323048
1108	10	0.0368758924266146
1108	11	0.0650545578482209
1108	12	0.05602559279527952
1108	13	0.007982205320871572
1108	14	0.037888460605636
1108	15	0.021880855568227275
1108	16	0.0034586692590181656
1108	17	0.005428387809800483
1108	18	0.0019269605493263953
1108	19	0.008967578199474247
1108	20	0.045445413724287675
1108	21	0.03059944972901718
1108	22	0.035237555126073516
1108	23	-0.032940008211085114
1108	24	-0.00914955519377969
1108	25	-0.012722017284573894
1108	26	-0.0018447543002935163
1108	27	0.01622779527473739
1108	28	0.03001373003475294
1108	29	0.023322193001966696
1108	30	0.030125682435460988
1108	31	-0.010476123939049842
1108	32	0.015773374376955474
1108	33	-0.02975012294260182
1108	34	-0.024562964587531155
1108	35	0.04088951996843093
1109	1	-0.03342848196545134
1109	2	-0.014724759936271425
1109	3	0.018151225823807238
1109	4	0.0021787126743788576
1109	5	-0.020901756814986072
1109	6	0.020448735539304153
1109	7	-0.024977707488588408
1109	8	-0.014731425249223662
1109	9	-0.0425563216132403
1109	10	-0.013999542442384438
1109	11	-0.013069542968800363
1109	12	0.0420365837949106
1109	13	-0.004555846500316818
1109	14	0.02447732214441345
1109	15	-0.018140581371902442
1109	16	-0.018981000061657483
1109	17	-0.01627581396821398
1109	18	-0.03342933309144058
1109	19	-0.02306836081782393
1109	20	-0.0025632518541698346
1109	21	-0.021467714091286894
1109	22	-0.0311214632922443
1109	23	-0.0283181664028902
1109	24	-0.04816718225655592
1109	25	-0.008530341328174984
1109	26	-0.03835431781985221
1109	27	-0.06098789009586625
1109	28	-0.03481110284658939
1109	29	-0.01753624410491028
1109	30	-0.04395393407641279
1109	31	-0.029524961104144154
1109	32	-0.026107676000471258
1109	33	-0.058880137195984616
1109	34	-0.03987610054202406
1109	35	0.038441879781224486
1110	1	-0.05982249565828823
1110	2	-0.04602629658702995
1110	3	-0.0655430917165134
1110	4	-0.062237563829285136
1110	5	-0.06914646911124578
1110	6	-0.03645944475779572
1110	7	-0.09348558815131014
1110	8	-0.05818376071724174
1110	9	-0.08006156879062587
1110	10	-0.10553190404039725
1110	11	-0.07333004498781293
1110	12	-0.0401731865065571
1110	13	-0.0720146688022183
1110	14	-0.08072913457227315
1110	15	-0.09779883532857525
1110	16	-0.07701558437408806
1110	17	-0.08554684034621118
1110	18	-0.08015131873881387
1110	19	-0.12986944741934536
1110	20	-0.06304910753031123
1110	21	-0.042678294849288534
1110	22	-0.06455292743875418
1110	23	-0.08007900151956449
1110	24	-0.09643603675317536
1110	25	-0.06763688531478351
1110	26	-0.07872275380720595
1110	27	-0.0688324761315684
1110	28	-0.06461770071913975
1110	29	-0.06763881960238649
1110	30	-0.07823822914421896
1110	31	-0.05576307923229251
1110	32	-0.08865495172361904
1110	33	-0.09622228915714715
1110	34	-0.0826425326439093
1110	35	-0.006141122413566791
1111	1	-0.11248427470949451
1111	2	-0.11139431855720971
1111	3	-0.13250077664456228
1111	4	-0.0992213725959914
1111	5	-0.10732950670460895
1111	6	-0.09129391116545804
1111	7	-0.12806776332028136
1111	8	-0.09966430371669333
1111	9	-0.11344707071833682
1111	10	-0.10813793087784518
1111	11	-0.12349800068926697
1111	12	-0.10853641844925477
1111	13	-0.10731240568370026
1111	14	-0.12961465772360725
1111	15	-0.1111441258356507
1111	16	-0.11730780163882315
1111	17	-0.1083298226000764
1111	18	-0.16019298498529366
1111	19	-0.14101433729224055
1111	20	-0.1294077712293955
1111	21	-0.10230454454481475
1111	22	-0.12992581709331574
1111	23	-0.1565610318260653
1111	24	-0.13743926360134395
1111	25	-0.1487533456260195
1111	26	-0.13781369357516837
1111	27	-0.14806046716232402
1111	28	-0.12621454924774866
1111	29	-0.16321873330645076
1111	30	-0.10293486670592245
1111	31	-0.11051485515108084
1111	32	-0.11213478291236356
1111	33	-0.08529973642435351
1111	34	-0.08950160227191617
1111	35	-0.027059646006833304
1112	1	-0.12735895449257129
1112	2	-0.17561844010435124
1112	3	-0.21739154822373052
1112	4	-0.21257632223284162
1112	5	-0.24516853401698313
1112	6	-0.2056057180111921
1112	7	-0.20358409772107677
1112	8	-0.26526937799707184
1112	9	-0.23211301388469252
1112	10	-0.19985798078408834
1112	11	-0.1974987145850875
1112	12	-0.15762194577212085
1112	13	-0.20601711721911187
1112	14	-0.20538214544697553
1112	15	-0.2139069078055016
1112	16	-0.2447984215202723
1112	17	-0.19642455272060033
1112	18	-0.1980717279425548
1112	19	-0.23348282455643954
1112	20	-0.2072547048756732
1112	21	-0.17999823964225925
1112	22	-0.20681454518689435
1112	23	-0.2390012942534554
1112	24	-0.23543932585739924
1112	25	-0.24770480170001008
1112	26	-0.22941033627923701
1112	27	-0.21896272029703567
1112	28	-0.21455385902237367
1112	29	-0.23079257583523116
1112	30	-0.2301848356760985
1112	31	-0.21000089713625414
1112	32	-0.1850095677102388
1112	33	-0.19211604180396336
1112	34	-0.16751389162224228
1112	35	-0.05457010705679721
1113	1	-0.15465086279327522
1113	2	-0.22326088279712764
1113	3	-0.254121446371272
1113	4	-0.23647760348224267
1113	5	-0.2651907190085794
1113	6	-0.2793943277941011
1113	7	-0.29321121612092327
1113	8	-0.2885205930273145
1113	9	-0.2624682550824815
1113	10	-0.20683253210437869
1113	11	-0.2516814202091666
1113	12	-0.21368417479806823
1113	13	-0.26556715332666414
1113	14	-0.2551084259997438
1113	15	-0.26295037635632923
1113	16	-0.27702098886037163
1113	17	-0.24295709821731748
1113	18	-0.22828103596776828
1113	19	-0.3158445283746403
1113	20	-0.24062621979764742
1113	21	-0.19869156716923442
1113	22	-0.21190695278498595
1113	23	-0.26502671179996895
1113	24	-0.24121990706012753
1113	25	-0.25991056359816156
1113	26	-0.27004532516340163
1113	27	-0.2579203426074912
1113	28	-0.26257083887603017
1113	29	-0.22973163656069318
1113	30	-0.2092173618595794
1113	31	-0.2393860732665587
1113	32	-0.2142761159114812
1113	33	-0.19182105095437407
1113	34	-0.2113943377802059
1113	35	-0.10176218165555895
1114	1	-0.21561263680730747
1114	2	-0.29672954137302554
1114	3	-0.31339622236938425
1114	4	-0.32586864995234777
1114	5	-0.38519235755229886
1114	6	-0.3948589594712075
1114	7	-0.3646053959893507
1114	8	-0.3789234718629615
1114	9	-0.4176656509747616
1114	10	-0.3944906879144625
1114	11	-0.41647566053692486
1114	12	-0.30482964173287996
1114	13	-0.39793242065596246
1114	14	-0.3645853326725046
1114	15	-0.37401014174547953
1114	16	-0.34496848831982874
1114	17	-0.3530124519387883
1114	18	-0.3276585939456069
1114	19	-0.35624280256337926
1114	20	-0.3346672929489145
1114	21	-0.35873975229947064
1114	22	-0.36452119584385656
1114	23	-0.34895089787787015
1114	24	-0.36051737308210363
1114	25	-0.38655649194328134
1114	26	-0.37180069146467787
1114	27	-0.40551388605980065
1114	28	-0.34526377555426535
1114	29	-0.3528224482583724
1114	30	-0.3663883561905905
1114	31	-0.3213208895218642
1114	32	-0.3212955712344012
1114	33	-0.28452979438682036
1114	34	-0.26337295410662165
1114	35	-0.16900633410448052
1115	1	-0.2646739914830931
1115	2	-0.3592499648369625
1115	3	-0.40962808585147314
1115	4	-0.4191838715361982
1115	5	-0.4661317963286038
1115	6	-0.4681386091141846
1115	7	-0.46228477651004596
1115	8	-0.4594884756853119
1115	9	-0.4518840518815139
1115	10	-0.5059165372300924
1115	11	-0.47025024198730137
1115	12	-0.4079801592880514
1115	13	-0.46949526447235
1115	14	-0.4685563105953321
1115	15	-0.45025907734984116
1115	16	-0.4447037401817866
1115	17	-0.4223991685767672
1115	18	-0.40789915611479444
1115	19	-0.4447967974027307
1115	20	-0.45355608203001907
1115	21	-0.4577330587350801
1115	22	-0.4276996486057314
1115	23	-0.4521378006049588
1115	24	-0.45013538977134004
1115	25	-0.4724053780786974
1115	26	-0.44858220882036903
1115	27	-0.4809734708532716
1115	28	-0.5093040461216631
1115	29	-0.46444039057553965
1115	30	-0.4329842686059564
1115	31	-0.3806402695372171
1115	32	-0.3699308096464762
1115	33	-0.38890350107901384
1115	34	-0.37283285712496905
1115	35	-0.2586486808622155
1116	1	-0.2961766902564875
1116	2	-0.44898279262317686
1116	3	-0.44362684462215896
1116	4	-0.4663351468387944
1116	5	-0.536538231614351
1116	6	-0.5119370074303333
1116	7	-0.5564620837945782
1116	8	-0.5622604987730071
1116	9	-0.5720015841039015
1116	10	-0.663115282691912
1116	11	-0.6809435838759867
1116	12	-0.6598205833248088
1116	13	-0.6189357208201898
1116	14	-0.6363871996237691
1116	15	-0.5889698496739442
1116	16	-0.4977133453649287
1116	17	-0.4862166142256399
1116	18	-0.5476617697059467
1116	19	-0.5770570748624166
1116	20	-0.5860660258092238
1116	21	-0.6287455849378389
1116	22	-0.5930767396293533
1116	23	-0.7161183846901054
1116	24	-0.6518144022297818
1116	25	-0.6486925054846822
1116	26	-0.6106904269044833
1116	27	-0.6315803351662339
1116	28	-0.5850930793831779
1116	29	-0.6526661545751438
1116	30	-0.6205279732355962
1116	31	-0.5850389465380061
1116	32	-0.5649201119254528
1116	33	-0.6588887519478277
1116	34	-0.5419033075359891
1116	35	-0.41536341997678505
1201	1	0.12092399404291143
1201	2	0.2538664710657912
1201	3	0.2353362881500658
1201	4	0.2085377288694943
1201	5	0.23120786593383968
1201	6	0.2580487721475322
1201	7	0.2734169994121558
1201	8	0.26202791810776915
1201	9	0.2590538324254581
1201	10	0.2691028548818295
1201	11	0.2829621802771882
1201	12	0.30823665978864057
1201	13	0.30896413247382526
1201	14	0.28701008064190603
1201	15	0.30555475096469564
1201	16	0.24451687352988216
1201	17	0.26559549777704916
1201	18	0.22106098190416645
1201	19	0.2716983946398699
1201	20	0.2671972400647036
1201	21	0.27184350916952127
1201	22	0.26451499988321103
1201	23	0.2904065234809252
1201	24	0.25271428011382113
1201	25	0.2678340065593545
1201	26	0.27322643610255426
1201	27	0.23024682596757629
1201	28	0.2449225136946609
1201	29	0.24944723862154916
1201	30	0.23655892519909827
1201	31	0.23741749649774135
1201	32	0.1811482344045956
1201	33	0.18248144029864477
1201	34	0.16350740447956724
1201	35	0.07500029513283835
1202	1	0.11595656405784638
1202	2	0.23785109147539174
1202	3	0.22989490910457988
1202	4	0.21970764166830037
1202	5	0.22306361857491197
1202	6	0.24961716628039454
1202	7	0.2608538847049786
1202	8	0.2566272538454015
1202	9	0.2745408935481777
1202	10	0.29256143123577516
1202	11	0.2496894390554587
1202	12	0.29064809992713236
1202	13	0.2555409476375914
1202	14	0.2455930694167634
1202	15	0.26512623942107894
1202	16	0.24006605620076016
1202	17	0.25875497245955614
1202	18	0.25195378002178614
1202	19	0.22423395652499778
1202	20	0.2585084939894031
1202	21	0.2509613317766508
1202	22	0.22753689497186258
1202	23	0.2829926529384821
1202	24	0.25932792903103064
1202	25	0.2917870745422917
1202	26	0.24969826949256202
1202	27	0.23357842360662318
1202	28	0.20083915262735275
1202	29	0.2167167112833468
1202	30	0.22954997444178105
1202	31	0.22124338616645645
1202	32	0.19969182958095644
1202	33	0.18504574071669566
1202	34	0.15858593981717206
1202	35	0.08261699217933938
1203	1	0.10088280694419183
1203	2	0.23286006881183852
1203	3	0.18855852889112867
1203	4	0.19548810033875696
1203	5	0.18169181168700277
1203	6	0.17825076650842675
1203	7	0.21634169426495475
1203	8	0.22232710567340774
1203	9	0.19347687090733956
1203	10	0.2032231442917336
1203	11	0.18018046995208437
1203	12	0.21616831130929626
1203	13	0.22260971609157565
1203	14	0.23524669773884455
1203	15	0.23146242475589673
1203	16	0.18453218572783214
1203	17	0.19062214326815763
1203	18	0.20863347812385769
1203	19	0.20987027260240154
1203	20	0.20660403491019252
1203	21	0.18984603066854078
1203	22	0.2285580589019105
1203	23	0.21657402194939124
1203	24	0.23258180045460364
1203	25	0.21110513036156675
1203	26	0.20213300118336974
1203	27	0.2042139770759519
1203	28	0.1841862408965511
1203	29	0.19508900555929642
1203	30	0.2036999182702246
1203	31	0.1878974305001222
1203	32	0.18752307257198453
1203	33	0.16384152917052575
1203	34	0.11909569718989133
1203	35	0.06567611129185025
1204	1	0.06945932242440023
1204	2	0.1556046099157058
1204	3	0.13829652137216186
1204	4	0.10953207680888966
1204	5	0.12525392482717734
1204	6	0.1120174447085418
1204	7	0.12429771678947787
1204	8	0.12055857174934914
1204	9	0.1070480176937707
1204	10	0.10947040233531169
1204	11	0.0929886539900906
1204	12	0.1265699977024184
1204	13	0.15930472861255396
1204	14	0.12927749141066158
1204	15	0.13807949287102161
1204	16	0.09517106157110788
1204	17	0.1019590922592215
1204	18	0.09364095751725898
1204	19	0.1382086791036059
1204	20	0.12933407786832163
1204	21	0.07667626973307051
1204	22	0.08951689871012292
1204	23	0.1050728282992921
1204	24	0.08898207496326194
1204	25	0.10016848080779539
1204	26	0.10099474244090345
1204	27	0.09821065983866362
1204	28	0.12878405885896882
1204	29	0.07805505567552018
1204	30	0.09313185408802838
1204	31	0.13271390010026352
1204	32	0.12356474904132142
1204	33	0.10789363062559687
1204	34	0.0935585383278692
1204	35	0.034461046998224276
1205	1	0.04404660026532525
1205	2	0.14788963158157742
1205	3	0.08458018229691078
1205	4	0.09922184032483017
1205	5	0.10932269484067803
1205	6	0.14027196859877478
1205	7	0.13619221905145906
1205	8	0.13928016226871165
1205	9	0.12701604627689278
1205	10	0.12724884217055887
1205	11	0.07736020247024555
1205	12	0.15111145655276914
1205	13	0.13021343905406724
1205	14	0.1275281824175849
1205	15	0.1176396174117329
1205	16	0.09223928684826177
1205	17	0.08569254110907565
1205	18	0.08323094920721985
1205	19	0.09236167803992146
1205	20	0.1553486161432076
1205	21	0.12099434043739166
1205	22	0.10507510565443567
1205	23	0.14454721645815027
1205	24	0.14797619326414946
1205	25	0.15637319910347713
1205	26	0.1366123350901276
1205	27	0.13276228954263303
1205	28	0.1360011823200793
1205	29	0.11537154662321569
1205	30	0.08839097699618037
1205	31	0.055343179094876405
1205	32	0.08667584857185062
1205	33	0.11497901759062756
1205	34	0.06601069706674423
1205	35	0.02627698007191981
1206	1	0.030648523920305593
1206	2	0.11113678774541569
1206	3	0.0857481701391265
1206	4	0.0640723547236135
1206	5	0.0966972776183539
1206	6	0.0880370914444697
1206	7	0.04850714206158102
1206	8	0.05302008118552237
1206	9	0.05629082364075089
1206	10	0.0846718587416504
1206	11	0.10440386372186339
1206	12	0.12066990485886464
1206	13	0.06327710865481606
1206	14	0.09707673658267169
1206	15	0.07241514789308212
1206	16	0.056699423705929064
1206	17	0.01626369228040403
1206	18	0.03418669674628916
1206	19	0.1157888449995852
1206	20	0.07832641871880952
1206	21	0.08825041628971064
1206	22	0.06419174596018706
1206	23	0.06403924596262556
1206	24	0.07006963953925549
1206	25	0.0807037591817874
1206	26	0.07905765769557149
1206	27	0.06418592059863926
1206	28	0.05455954266411567
1206	29	0.06450954482161109
1206	30	0.08550665133052604
1206	31	0.06510354143240704
1206	32	0.07057663559378113
1206	33	0.07169000340988418
1206	34	0.052451135139136795
1206	35	3.7941959547538318E-6
1207	1	0.029151477682098914
1207	2	0.08381146094764347
1207	3	0.08985082344827333
1207	4	0.08102457054814494
1207	5	0.06580764634711045
1207	6	0.09742491222090166
1207	7	0.08383039081780908
1207	8	0.0934903156286282
1207	9	0.04605349779739498
1207	10	0.08507440951006373
1207	11	0.10913707950202678
1207	12	0.1251464954843584
1207	13	0.1064314711996488
1207	14	0.10051079150974118
1207	15	0.05760524654125021
1207	16	0.10418506636537472
1207	17	0.08987191402976435
1207	18	0.07850810041111345
1207	19	0.09855554150409063
1207	20	0.09865428836894097
1207	21	0.10043828440411318
1207	22	0.08819563824555843
1207	23	0.09292015284198385
1207	24	0.10918373520413382
1207	25	0.11446627648860641
1207	26	0.10263512512191397
1207	27	0.08990960199891163
1207	28	0.05933293857107458
1207	29	0.04792089958240808
1207	30	0.0663318733849394
1207	31	0.046463857612103254
1207	32	0.07798884454532384
1207	33	0.0835646763195328
1207	34	0.04439068431931048
1207	35	0.023101598065778717
1208	1	0.019669162348051827
1208	2	0.07138430138873275
1208	3	0.04454173137703066
1208	4	-3.6064940952940105E-4
1208	5	0.04282050391807246
1208	6	0.04207407482564918
1208	7	0.029437419680483856
1208	8	0.039010036143970694
1208	9	0.08153041233167357
1208	10	0.06187025344336661
1208	11	0.04808676223250785
1208	12	0.07039425214313866
1208	13	0.0411987292453162
1208	14	0.036797925287011424
1208	15	0.07022432983800542
1208	16	0.03621500207887607
1208	17	0.05602324069043618
1208	18	0.07480470035719833
1208	19	0.08120607067306906
1208	20	0.06462589764014837
1208	21	0.015055354904042417
1208	22	0.049291041847332906
1208	23	0.015317465317878032
1208	24	0.013247950251852103
1208	25	0.037955586984118383
1208	26	0.060151187631618086
1208	27	0.049351301035301276
1208	28	0.07306275990338662
1208	29	0.04312943417644988
1208	30	0.027635665801156506
1208	31	0.048522204697938776
1208	32	0.025815974818520715
1208	33	0.022087159892393515
1208	34	-0.03135100468518459
1208	35	2.486386917865957E-5
1209	1	-0.02853254100365632
1209	2	0.023698565946943972
1209	3	-0.04245198965283237
1209	4	0.021595697487377663
1209	5	-0.002476407501873723
1209	6	-0.005979178933600338
1209	7	-0.03782230366977757
1209	8	-0.018999508856211378
1209	9	-0.024083901817967046
1209	10	-0.022778878371639166
1209	11	-0.010773602909118551
1209	12	0.04360249513824499
1209	13	0.020810017437817407
1209	14	0.011984305424647346
1209	15	-0.04018392812243121
1209	16	-0.049441886970200244
1209	17	-0.05288758761179935
1209	18	-0.041297060379882566
1209	19	-0.053063033043414976
1209	20	-0.03255438131674282
1209	21	-0.06714502689718671
1209	22	-0.06638610014405799
1209	23	-0.07267611757901449
1209	24	-0.08677129015310925
1209	25	-0.06616682373643101
1209	26	-0.03957121124506813
1209	27	-0.017218936271873986
1209	28	-0.06671992941245719
1209	29	-0.037510232810312516
1209	30	-0.09323446357213072
1209	31	-0.05449820449974396
1209	32	-0.030450220379513837
1209	33	-0.022609397560380273
1209	34	-0.03910871787311265
1209	35	-0.043271910595294116
1210	1	-0.06312642598729212
1210	2	-0.0193066187884412
1210	3	-0.05576989025137635
1210	4	-0.07476168504289404
1210	5	-0.08711513242401026
1210	6	-0.04818969635977055
1210	7	-0.06010881346247743
1210	8	-0.038187151689356824
1210	9	-0.09151449063103456
1210	10	-0.061131309381856624
1210	11	-0.06502285049113254
1210	12	-0.019980233182629092
1210	13	-0.023846090329861624
1210	14	-0.018651164922786734
1210	15	-0.06567340288834345
1210	16	-0.0507536809119884
1210	17	-0.0884285974023058
1210	18	-0.08905405280891188
1210	19	-0.054092999094201843
1210	20	-0.054508101633381045
1210	21	-0.0772704293771369
1210	22	-0.09367656963627269
1210	23	-0.06085720138445794
1210	24	-0.07633917755643438
1210	25	-0.06220333613251228
1210	26	-0.04752344620760596
1210	27	-0.09735605233969125
1210	28	-0.0715895844599359
1210	29	-0.04518946496697396
1210	30	-0.04455439557437302
1210	31	-0.05904182747476483
1210	32	-0.04167079752493663
1210	33	-0.038321069513976624
1210	34	-0.03528684948982885
1210	35	-0.021047732050902823
1211	1	-0.08319122488462938
1211	2	-0.04209780951170927
1211	3	-0.08321350841606545
1211	4	-0.08677107889759128
1211	5	-0.13630179558752076
1211	6	-0.14567205560089036
1211	7	-0.12471268858926265
1211	8	-0.0987515206675127
1211	9	-0.1026184075785892
1211	10	-0.10178164894476538
1211	11	-0.14405825041740172
1211	12	-0.08855894150605081
1211	13	-0.11075903316272928
1211	14	-0.12407635724386523
1211	15	-0.14434863879025528
1211	16	-0.12841561510145993
1211	17	-0.1438203744844202
1211	18	-0.1315208476694849
1211	19	-0.13835569759508815
1211	20	-0.12717428178943635
1211	21	-0.1582109925646975
1211	22	-0.1601040223622192
1211	23	-0.1345744248272709
1211	24	-0.18456186852074552
1211	25	-0.12281680145327556
1211	26	-0.1234228156079169
1211	27	-0.09811521077548235
1211	28	-0.08156917433923638
1211	29	-0.10166889476714402
1211	30	-0.11620056158859882
1211	31	-0.11137665405610875
1211	32	-0.09191202456684522
1211	33	-0.10415921754599111
1211	34	-0.08760340960860447
1211	35	-0.04175066131664096
1212	1	-0.0985636222552202
1212	2	-0.11497715583971768
1212	3	-0.10433079685582669
1212	4	-0.16555295637134293
1212	5	-0.19741537916964091
1212	6	-0.19681059516282318
1212	7	-0.14684496330225016
1212	8	-0.15796778705557557
1212	9	-0.12347177827157907
1212	10	-0.15351038135654704
1212	11	-0.15567400425894107
1212	12	-0.11165063996684665
1212	13	-0.18423827205904075
1212	14	-0.19349389267674866
1212	15	-0.1890496946675313
1212	16	-0.215855012658146
1212	17	-0.1828336485468114
1212	18	-0.18772924000133884
1212	19	-0.15832902170109264
1212	20	-0.1709259088134658
1212	21	-0.1482367514273335
1212	22	-0.15407206072942614
1212	23	-0.1744001595546365
1212	24	-0.16061031752706612
1212	25	-0.14431035500651035
1212	26	-0.16334552963529347
1212	27	-0.14765227312195606
1212	28	-0.14270107620495764
1212	29	-0.1601131372274196
1212	30	-0.17614662081544452
1212	31	-0.18065389132919307
1212	32	-0.15137736979627903
1212	33	-0.1780416744504265
1212	34	-0.1572953564257702
1212	35	-0.0784864026115244
1213	1	-0.1121080724654675
1213	2	-0.1015395265148058
1213	3	-0.14764097472887272
1213	4	-0.19268959547295594
1213	5	-0.22278332248089328
1213	6	-0.21767278899206843
1213	7	-0.21277485607218694
1213	8	-0.19233977375065336
1213	9	-0.212077123266468
1213	10	-0.17734873667411932
1213	11	-0.2129288483295042
1213	12	-0.17124103636849242
1213	13	-0.19463752104849164
1213	14	-0.22904083162843136
1213	15	-0.18285028115873558
1213	16	-0.19510884139555174
1213	17	-0.21733027396727778
1213	18	-0.23344964758427977
1213	19	-0.2196858940511106
1213	20	-0.21167945253122866
1213	21	-0.1783253941311571
1213	22	-0.20978070267122462
1213	23	-0.2258473559507621
1213	24	-0.22954153498065466
1213	25	-0.25109266597371516
1213	26	-0.22437261671021957
1213	27	-0.22279338597243026
1213	28	-0.1536477036771018
1213	29	-0.18260415270057706
1213	30	-0.186141652826052
1213	31	-0.18362780633557207
1213	32	-0.18717012170542802
1213	33	-0.12705024564665024
1213	34	-0.1410091473557955
1213	35	-0.09297319479573929
1214	1	-0.17106536550302565
1214	2	-0.260170563645886
1214	3	-0.32329321061120453
1214	4	-0.31625417448723425
1214	5	-0.3219651419155838
1214	6	-0.34193703860184144
1214	7	-0.3500880443214882
1214	8	-0.3288700050986506
1214	9	-0.356546460631435
1214	10	-0.3087767123056011
1214	11	-0.319950930953695
1214	12	-0.2530402624979118
1214	13	-0.3125917441862285
1214	14	-0.3032512643240537
1214	15	-0.30252938397430995
1214	16	-0.315891775458347
1214	17	-0.3202989823944762
1214	18	-0.28930214072553184
1214	19	-0.30384801963551666
1214	20	-0.310472702937588
1214	21	-0.26935161216287185
1214	22	-0.2900209472256847
1214	23	-0.2940383817140244
1214	24	-0.2906837706714853
1214	25	-0.2871651859464279
1214	26	-0.2580261121707892
1214	27	-0.26444672539413006
1214	28	-0.2738723121550919
1214	29	-0.25727094941080253
1214	30	-0.2771716157913531
1214	31	-0.2686841635239503
1214	32	-0.26123231333114916
1214	33	-0.24231368030456224
1214	34	-0.2223171046380017
1214	35	-0.16348095820509911
1215	1	-0.23893263541857124
1215	2	-0.32467192837555103
1215	3	-0.4054661329151159
1215	4	-0.4169805117595189
1215	5	-0.4042532978487543
1215	6	-0.38815429747813823
1215	7	-0.3986852588506409
1215	8	-0.4123025159755187
1215	9	-0.41408507503739855
1215	10	-0.5010305934506079
1215	11	-0.46063230578625536
1215	12	-0.39155437911541924
1215	13	-0.45022021389542033
1215	14	-0.39120481964520337
1215	15	-0.4005677394345639
1215	16	-0.41043461603999987
1215	17	-0.38146752590600386
1215	18	-0.3624619361012904
1215	19	-0.3856301669274984
1215	20	-0.3421246619207565
1215	21	-0.3751794607481145
1215	22	-0.4108604870191783
1215	23	-0.3548344704824231
1215	24	-0.39707531280451747
1215	25	-0.34923316276407235
1215	26	-0.3250786324426187
1215	27	-0.35883821074612143
1215	28	-0.3474509053743162
1215	29	-0.35745894819048374
1215	30	-0.37493653366920654
1215	31	-0.3457203016923245
1215	32	-0.34630005256996554
1215	33	-0.2913189764547326
1215	34	-0.2738376030023417
1215	35	-0.23413532150861727
1216	1	-0.2512599412322132
1216	2	-0.3385355568911592
1216	3	-0.4775398144780354
1216	4	-0.4229499056555923
1216	5	-0.4461622843477002
1216	6	-0.4508081797037775
1216	7	-0.4761098611506043
1216	8	-0.46846864747546846
1216	9	-0.47346438810708236
1216	10	-0.4397748944439357
1216	11	-0.49667296410419937
1216	12	-0.3834435246150534
1216	13	-0.45206815567052416
1216	14	-0.44454406634405785
1216	15	-0.4237084317975288
1216	16	-0.47294177006737925
1216	17	-0.4230373383200856
1216	18	-0.4180583190256755
1216	19	-0.46059812719862947
1216	20	-0.4213182815573546
1216	21	-0.4652568224974871
1216	22	-0.45386591121752673
1216	23	-0.42358246924533205
1216	24	-0.41229591217283
1216	25	-0.4718969948639682
1216	26	-0.4557542271437498
1216	27	-0.4648583521558649
1216	28	-0.4994656385233682
1216	29	-0.459525754266231
1216	30	-0.4992473906239141
1216	31	-0.4648500251578014
1216	32	-0.5427106960380286
1216	33	-0.4406985283598104
1216	34	-0.4442423231044401
1216	35	-0.3914006295289383
2101	1	0.18134866281437212
2101	2	0.3317268455188014
2101	3	0.3358394926346051
2101	4	0.3400011366915976
2101	5	0.34928054807027564
2101	6	0.3163848907006823
2101	7	0.3296047750429949
2101	8	0.3426567848576241
2101	9	0.36539449956903525
2101	10	0.35807967138807584
2101	11	0.38615443771182356
2101	12	0.42784445993527953
2101	13	0.400932745060679
2101	14	0.3838812994397429
2101	15	0.3669017932441463
2101	16	0.37362726455701534
2101	17	0.39250201226538195
2101	18	0.37972290998208535
2101	19	0.36780836495695013
2101	20	0.39935187329353994
2101	21	0.3669891316365508
2101	22	0.3663784270388888
2101	23	0.3353432894430597
2101	24	0.35644303769115027
2101	25	0.35070518874819356
2101	26	0.33112065990047057
2101	27	0.33080906117929487
2101	28	0.36313926126305773
2101	29	0.3230872572665717
2101	30	0.318005562523048
2101	31	0.3298146006139717
2101	32	0.29666905652422315
2101	33	0.28802819105713695
2101	34	0.25346491755594514
2101	35	0.1737150937687133
2102	1	0.1789192771927972
2102	2	0.33656536629543155
2102	3	0.33515917423898145
2102	4	0.33132948432828613
2102	5	0.3181245373840156
2102	6	0.2960144874865165
2102	7	0.33106121460013327
2102	8	0.34325227474730724
2102	9	0.3389378116607489
2102	10	0.33079192552354897
2102	11	0.32796257095913006
2102	12	0.3636533792339449
2102	13	0.3269471806950648
2102	14	0.31569860570051844
2102	15	0.32374690775375115
2102	16	0.27879870204155566
2102	17	0.2892990888636149
2102	18	0.3046101875487608
2102	19	0.30400150044913943
2102	20	0.3272034372756423
2102	21	0.3387039268400258
2102	22	0.37684693488144205
2102	23	0.34677115076618037
2102	24	0.3316890114845563
2102	25	0.30009634579078437
2102	26	0.2755038673442982
2102	27	0.3022445188502161
2102	28	0.29324640368565014
2102	29	0.32884173977981135
2102	30	0.3276902046380741
2102	31	0.28248366671225966
2102	32	0.29802628014866883
2102	33	0.24815137178457292
2102	34	0.23837772481096664
2102	35	0.1631989980587889
2103	1	0.17639877162162065
2103	2	0.29465026781055315
2103	3	0.2795806591358243
2103	4	0.2651241343987465
2103	5	0.2775442206329828
2103	6	0.24966934436275778
2103	7	0.29306315910898917
2103	8	0.2794486826363638
2103	9	0.3179005932518564
2103	10	0.25871704221781755
2103	11	0.29120560133826245
2103	12	0.2902095790985726
2103	13	0.27917563404773205
2103	14	0.29748889794513644
2103	15	0.28053610331075163
2103	16	0.32219931545071034
2103	17	0.2968306309892199
2103	18	0.31136189194891983
2103	19	0.2700870941939968
2103	20	0.31645553227042456
2103	21	0.32455813039271675
2103	22	0.3035724235781032
2103	23	0.3300153169405391
2103	24	0.30737431901218315
2103	25	0.29674490244717333
2103	26	0.27808670613464415
2103	27	0.29335890142461096
2103	28	0.2904502204061501
2103	29	0.2961958652088157
2103	30	0.28457476424804184
2103	31	0.27618118312419426
2103	32	0.29900907833202695
2103	33	0.2779038904585178
2103	34	0.2004411137968063
2103	35	0.15571009822327397
2104	1	0.14542930169336898
2104	2	0.24051090658560526
2104	3	0.23636659719036146
2104	4	0.21769867310980828
2104	5	0.2534997899897462
2104	6	0.2084021047310216
2104	7	0.24816663044078524
2104	8	0.213638466012938
2104	9	0.21100296079772818
2104	10	0.22995892402369833
2104	11	0.2151537238832546
2104	12	0.26968869127180994
2104	13	0.2830860984806307
2104	14	0.24704629963111557
2104	15	0.214581552150662
2104	16	0.22770665049493033
2104	17	0.21256864267046893
2104	18	0.2242030991198405
2104	19	0.26258487171607214
2104	20	0.21627161278738072
2104	21	0.23401898852697656
2104	22	0.25690170349647445
2104	23	0.23537159445832856
2104	24	0.23004689124850586
2104	25	0.21414981675915357
2104	26	0.19392412732839404
2104	27	0.2392192483292348
2104	28	0.20474581419666293
2104	29	0.19545688806472583
2104	30	0.1909549153720249
2104	31	0.21659100222927918
2104	32	0.19455899226296935
2104	33	0.20537266698568857
2104	34	0.173687471349524
2104	35	0.11605482566636027
2105	1	0.11019487054740296
2105	2	0.17138292230210794
2105	3	0.17029104119727378
2105	4	0.17215808868379412
2105	5	0.1895232196552712
2105	6	0.14154890872453763
2105	7	0.1789868019764711
2105	8	0.1943385390510386
2105	9	0.23095387952132995
2105	10	0.20230064372831436
2105	11	0.22533859719040095
2105	12	0.2653067570984433
2105	13	0.22834106096635054
2105	14	0.2129211160456279
2105	15	0.220182619033082
2105	16	0.2172538287091399
2105	17	0.21357194567731597
2105	18	0.1911240776792411
2105	19	0.21997385041314033
2105	20	0.18635635600617206
2105	21	0.20730242763315943
2105	22	0.18759126236732726
2105	23	0.22068342252302386
2105	24	0.21611208644686997
2105	25	0.22014602395909577
2105	26	0.18676955423392627
2105	27	0.2115561574268483
2105	28	0.21208869228428284
2105	29	0.17738982270535075
2105	30	0.1876466842136253
2105	31	0.1678156964034514
2105	32	0.20438245973731028
2105	33	0.19288066605580667
2105	34	0.18622263687883134
2105	35	0.10136782459764504
2106	1	0.1090816549507494
2106	2	0.20619738687551603
2106	3	0.20832962519331488
2106	4	0.14893454872196088
2106	5	0.16066993601666724
2106	6	0.18895140247020237
2106	7	0.20503285830890405
2106	8	0.16901905431731734
2106	9	0.17278162356255677
2106	10	0.19730352390401862
2106	11	0.18909687614200266
2106	12	0.20856517648768147
2106	13	0.1941350879223478
2106	14	0.21528058975574993
2106	15	0.22494416323578292
2106	16	0.22489717430158152
2106	17	0.2165990989155162
2106	18	0.18636406777533665
2106	19	0.17742997282931583
2106	20	0.22156133688294233
2106	21	0.23830767512276907
2106	22	0.2259077509762477
2106	23	0.18101402578975012
2106	24	0.18530258544777212
2106	25	0.1957514636505735
2106	26	0.14255359089275288
2106	27	0.20682248901334077
2106	28	0.182571064272814
2106	29	0.1879729619667856
2106	30	0.18594099637716255
2106	31	0.184515267256117
2106	32	0.20255294423775894
2106	33	0.16891598928997809
2106	34	0.12348884340428867
2106	35	0.0891207631687081
2107	1	0.11020224357135078
2107	2	0.18757196004657573
2107	3	0.193170354843609
2107	4	0.16059914088690874
2107	5	0.16945274017604106
2107	6	0.16224753669552427
2107	7	0.13633884076308078
2107	8	0.15782701474842042
2107	9	0.18595806722816377
2107	10	0.16607843192981875
2107	11	0.17409647921500238
2107	12	0.2158178266910724
2107	13	0.18501898872727196
2107	14	0.17128120826039606
2107	15	0.2058255450302937
2107	16	0.18407839933316694
2107	17	0.15957798979854232
2107	18	0.14647303555300084
2107	19	0.17596017701598754
2107	20	0.23186677240854436
2107	21	0.2103915862017729
2107	22	0.2524339113548777
2107	23	0.24333890511649514
2107	24	0.2024041998965842
2107	25	0.21348094700253029
2107	26	0.20768934828079466
2107	27	0.21640045728042168
2107	28	0.2037068399180555
2107	29	0.16753772418075386
2107	30	0.13719297827019972
2107	31	0.16534963402740033
2107	32	0.1974515350028696
2107	33	0.19362265426412506
2107	34	0.18034145807560265
2107	35	0.09038236459985427
2108	1	0.08847687840786023
2108	2	0.15994132359337243
2108	3	0.17048356065545534
2108	4	0.12839539464266636
2108	5	0.12254234580799306
2108	6	0.11508492132790593
2108	7	0.08814037960615906
2108	8	0.13713297853578865
2108	9	0.13235237336535732
2108	10	0.14075693496681652
2108	11	0.10431204549104933
2108	12	0.18276944936327766
2108	13	0.17812119530829307
2108	14	0.1616589910105546
2108	15	0.16088830320872205
2108	16	0.1628078629863765
2108	17	0.13930273379477853
2108	18	0.1607547768682025
2108	19	0.13942190984899128
2108	20	0.1634687023059911
2108	21	0.16214668362099616
2108	22	0.16911398637898145
2108	23	0.15791559411933065
2108	24	0.16618733253580587
2108	25	0.1607993839286621
2108	26	0.1252143635910059
2108	27	0.15777917153243948
2108	28	0.16149422090500565
2108	29	0.13047589545593752
2108	30	0.13570717105481833
2108	31	0.08711444616025688
2108	32	0.12743906668885785
2108	33	0.16382400490401494
2108	34	0.1494502573042027
2108	35	0.0913297006799283
2109	1	0.07327403609192373
2109	2	0.13057376218400663
2109	3	0.13580503392861942
2109	4	0.14098516130579952
2109	5	0.09363608924564915
2109	6	0.13885170119707624
2109	7	0.1453943379288063
2109	8	0.17413999542284841
2109	9	0.13671617597282193
2109	10	0.15227451033206307
2109	11	0.15229722458627748
2109	12	0.20120843133108224
2109	13	0.16911808298065267
2109	14	0.1267521813966752
2109	15	0.11288489588282147
2109	16	0.11913300628530266
2109	17	0.08274457230169219
2109	18	0.10885132671593567
2109	19	0.1189931711518355
2109	20	0.13226306571317537
2109	21	0.10434149831976214
2109	22	0.12016240705415981
2109	23	0.11444325947601897
2109	24	0.14675563700703975
2109	25	0.12669175504156982
2109	26	0.09184169536963793
2109	27	0.09367898979719769
2109	28	0.10001893059470035
2109	29	0.10099203112127242
2109	30	0.11104758610273535
2109	31	0.11813047375162711
2109	32	0.11749567942644035
2109	33	0.11553561706771376
2109	34	0.10679047617755799
2109	35	0.07420304544807976
2110	1	0.062009545379815734
2110	2	0.06882225449820112
2110	3	0.05581926527170822
2110	4	0.0415256941044575
2110	5	0.04489710277638892
2110	6	0.06699452213587165
2110	7	0.042071850261969246
2110	8	0.05753213594408635
2110	9	0.029902220619703712
2110	10	0.05768237368802431
2110	11	0.06987482488337804
2110	12	0.10183627342682655
2110	13	0.011241824125441724
2110	14	0.05093997074661161
2110	15	0.038842090962788234
2110	16	0.05244742231876387
2110	17	-0.004017997154392106
2110	18	0.02462564242541987
2110	19	0.007537000347333844
2110	20	0.09019153939901514
2110	21	0.0560451845659955
2110	22	0.11340232179841081
2110	23	0.058596826582444805
2110	24	0.08382004688021993
2110	25	0.020130625503753663
2110	26	0.06110402591623654
2110	27	0.030262503451268685
2110	28	0.09127116013539904
2110	29	0.10678347509254138
2110	30	0.10756165275500251
2110	31	0.0875777655003418
2110	32	0.07800693699794436
2110	33	0.10150839717356064
2110	34	0.11017884153757507
2110	35	0.059174169522343334
2111	1	0.029408161630470886
2111	2	0.006581930862992635
2111	3	-0.001250384672744076
2111	4	0.028931001147562085
2111	5	-2.3780527376970895E-4
2111	6	-0.004656124913047677
2111	7	-0.02208669829270349
2111	8	0.02191442568413038
2111	9	0.0388626663155307
2111	10	0.04341644041592474
2111	11	0.027474944252055877
2111	12	0.05559817006001566
2111	13	0.04728551077589316
2111	14	-0.0058348055287069656
2111	15	0.013383125697416176
2111	16	0.020802060238622744
2111	17	0.015868816376844563
2111	18	0.025535699995465677
2111	19	0.03638994777377036
2111	20	0.03367073251967412
2111	21	0.020325391774193236
2111	22	0.05040725815035074
2111	23	0.04640709892973405
2111	24	0.07136981300945422
2111	25	0.06720279423581843
2111	26	0.04735413860593951
2111	27	0.03486554209835191
2111	28	0.04255947887843092
2111	29	0.04471458897783265
2111	30	0.053887593360251174
2111	31	-0.004765151676295432
2111	32	0.06187834908641321
2111	33	0.06126798897984287
2111	34	0.05339621254071858
2111	35	0.057715095692643104
2112	1	-0.022314801858698274
2112	2	-0.00544979343209917
2112	3	-0.01897170084323818
2112	4	-0.002572119624311142
2112	5	-0.018110491401472473
2112	6	5.478308122519593E-5
2112	7	-7.93125141868245E-4
2112	8	-0.03754456010847207
2112	9	0.014882003907885633
2112	10	-0.04139868559881421
2112	11	-0.044221329266754594
2112	12	0.027825368655001625
2112	13	-0.055823792458170374
2112	14	-0.07216889555883199
2112	15	-0.06177951639909196
2112	16	-0.0568305039206507
2112	17	-0.0361178771046724
2112	18	-0.04633585099468718
2112	19	-0.04526296855546974
2112	20	-0.002665579285626052
2112	21	-0.022190071510529208
2112	22	-0.013441934154180046
2112	23	0.0032210604404454557
2112	24	-0.006327751590994524
2112	25	-0.054721251145984695
2112	26	-0.010860640117833498
2112	27	-0.004258177990436707
2112	28	-0.007534946484788918
2112	29	-0.008811121324590943
2112	30	0.010595492678902474
2112	31	-0.02879875588433123
2112	32	-0.022350526193314124
2112	33	0.023273672537065693
2112	34	0.03418792949165805
2112	35	0.0201719126337494
2113	1	-0.04080048207507758
2113	2	-0.10835654468228029
2113	3	-0.1164312132011176
2113	4	-0.10658609731828506
2113	5	-0.07122131356284456
2113	6	-0.10696049810757557
2113	7	-0.08870101706109068
2113	8	-0.11489966404152341
2113	9	-0.1156549613215887
2113	10	-0.11926418616926071
2113	11	-0.11399964184960965
2113	12	-0.061758923565967905
2113	13	-0.0829956618492318
2113	14	-0.06055861185544842
2113	15	-0.08893831307877775
2113	16	-0.1669785423966772
2113	17	-0.13286268103234988
2113	18	-0.10729575386370271
2113	19	-0.08466708707224768
2113	20	-0.04980495427172826
2113	21	-0.08152178124645815
2113	22	-0.11208159199590284
2113	23	-0.09922539046449685
2113	24	-0.07102738040020995
2113	25	-0.09920822306982302
2113	26	-0.07807282725562459
2113	27	-0.08840294935284732
2113	28	-0.08299948682688552
2113	29	-0.08837929444661086
2113	30	-0.07421204099089351
2113	31	-0.036429161443322755
2113	32	-0.05633147007505812
2113	33	-0.02452480005170088
2113	34	-0.01809390222125984
2113	35	-0.015601256816211162
2114	1	-0.10483641869119964
2114	2	-0.20942033837982166
2114	3	-0.1798470909523857
2114	4	-0.2205136690713445
2114	5	-0.23688845503254186
2114	6	-0.20457478032383136
2114	7	-0.18909127504451106
2114	8	-0.18687117653156804
2114	9	-0.20283219699638266
2114	10	-0.20322508850124166
2114	11	-0.2506512328281474
2114	12	-0.15691820762389597
2114	13	-0.1879931525342471
2114	14	-0.19056013606487454
2114	15	-0.20996846990315987
2114	16	-0.1883786926639317
2114	17	-0.21810117330583978
2114	18	-0.18735321620562218
2114	19	-0.2271575694176704
2114	20	-0.14427480626121536
2114	21	-0.20030630009232908
2114	22	-0.14113146921365427
2114	23	-0.15778093600090415
2114	24	-0.16341085495959362
2114	25	-0.1315432942907222
2114	26	-0.15686341292925476
2114	27	-0.1157496002486198
2114	28	-0.1820425512314756
2114	29	-0.21109037296976396
2114	30	-0.1438537490798808
2114	31	-0.14120877604764104
2114	32	-0.17267733127391693
2114	33	-0.12171985519359652
2114	34	-0.07233126388062772
2114	35	-0.07993493157029974
2115	1	-0.15157805740995656
2115	2	-0.2727177799565794
2115	3	-0.30332446556527515
2115	4	-0.377364322295918
2115	5	-0.38313970078733206
2115	6	-0.3798780459319886
2115	7	-0.3563051749997257
2115	8	-0.399694315952253
2115	9	-0.3921412833500284
2115	10	-0.40055904975516654
2115	11	-0.35350613296562017
2115	12	-0.3015708659621694
2115	13	-0.30406410840548403
2115	14	-0.3180687429386566
2115	15	-0.2851775718955949
2115	16	-0.2732500508608311
2115	17	-0.2926039908431832
2115	18	-0.3303334647952312
2115	19	-0.299542577868273
2115	20	-0.25142709920082496
2115	21	-0.2710469196126297
2115	22	-0.3120137132835268
2115	23	-0.2683995272825612
2115	24	-0.23960103663035426
2115	25	-0.251666931224392
2115	26	-0.27610552507977104
2115	27	-0.25233249695149595
2115	28	-0.2790811121159109
2115	29	-0.2828237985132205
2115	30	-0.2575941912759845
2115	31	-0.27802467416179155
2115	32	-0.26074473836096956
2115	33	-0.19787111577198147
2115	34	-0.13104016252739115
2115	35	-0.14265887454831017
2116	1	-0.22707208585875804
2116	2	-0.28748480193947756
2116	3	-0.31536846437754207
2116	4	-0.3444566659567485
2116	5	-0.4701667760662147
2116	6	-0.4791505000120466
2116	7	-0.5076788996001085
2116	8	-0.4843115459778815
2116	9	-0.6121969816158597
2116	10	-0.6895698637846195
2116	11	-0.5740171916130521
2116	12	-0.566538020628272
2116	13	-0.5329118753602842
2116	14	-0.4770354116417366
2116	15	-0.5101031787599979
2116	16	-0.3994905323931519
2116	17	-0.3613626796924265
2116	18	-0.33375080766975884
2116	19	-0.3710127596688366
2116	20	-0.3832436281084881
2116	21	-0.5381420975064231
2116	22	-0.5761644958277827
2116	23	-0.50762181848269
2116	24	-0.5429437824898073
2116	25	-0.6504530166138167
2116	26	-0.5768837473093313
2116	27	-0.5900483088352289
2116	28	-0.507557660417163
2116	29	-0.40535640001608897
2116	30	-0.4613138293721093
2116	31	-0.539215363191623
2116	32	-0.49994575781153827
2116	33	-0.47892334110897394
2116	34	-0.43492596193641475
2116	35	-0.3926343420823599
2201	1	0.1950557179061434
2201	2	0.2904023217164351
2201	3	0.3575400146519172
2201	4	0.34046602208934473
2201	5	0.3581468347136507
2201	6	0.3428053080173541
2201	7	0.35427491502345987
2201	8	0.3436226035033769
2201	9	0.3549288941311275
2201	10	0.3289092072920141
2201	11	0.36216643877640564
2201	12	0.42256281197933987
2201	13	0.36148702452328507
2201	14	0.3850962050438156
2201	15	0.359935387685006
2201	16	0.3423143414910399
2201	17	0.3734399356895466
2201	18	0.360639739105693
2201	19	0.3465053554146351
2201	20	0.38361235542593874
2201	21	0.35514655897672043
2201	22	0.3980201579422413
2201	23	0.33619503012098306
2201	24	0.3459354831407211
2201	25	0.323982036521393
2201	26	0.34878879008044095
2201	27	0.34055366046775504
2201	28	0.3185353517570704
2201	29	0.333270266412228
2201	30	0.33406077645189924
2201	31	0.29499686250246526
2201	32	0.2819493180127992
2201	33	0.29818990637748755
2201	34	0.24365154719604476
2201	35	0.18541147975960826
2202	1	0.1717046370294213
2202	2	-0.7005449191959627
2202	3	-0.07944638708003282
2202	4	0.15351381053783086
2202	5	0.24441987560513212
2202	6	0.24365464761626754
2202	7	0.31934094679803593
2202	8	0.2943088157550804
2202	9	0.3276762106120614
2202	10	0.33386542102478955
2202	11	0.3375737149178448
2202	12	0.3517353345051504
2202	13	0.34131325904353815
2202	14	0.3054970114808455
2202	15	0.3114227117659425
2202	16	0.33082924743675335
2202	17	0.370476728294328
2202	18	0.3308991305693567
2202	19	0.3378780399614598
2202	20	0.35284900487955184
2202	21	0.32915324859074246
2202	22	0.3497712303617817
2202	23	0.3361854610440602
2202	24	0.33949699282099743
2202	25	0.30988175872752777
2202	26	0.3268967861523393
2202	27	0.2946138372267484
2202	28	0.2977733365731652
2202	29	0.30029607631220756
2202	30	0.281060494369612
2202	31	0.29783567580893333
2202	32	0.2560726103827875
2202	33	0.25507257969233166
2202	34	0.2128649967849796
2202	35	0.14951237163950282
2203	1	0.15291626175321227
2203	2	-0.3831361705660683
2203	3	0.04649546530754378
2203	4	0.1639931239741017
2203	5	0.23227884272797894
2203	6	0.25706739934779677
2203	7	0.2609601558969672
2203	8	0.28339718943172443
2203	9	0.2505923469467888
2203	10	0.23853213453585198
2203	11	0.2464196212122829
2203	12	-2.4353940158353637
2203	13	-0.7595130114489805
2203	14	-0.16241916484300845
2203	15	0.031645051289586945
2203	16	0.15109385719708257
2203	17	0.2522223930573304
2203	18	0.24330726312640394
2203	19	0.254160959315179
2203	20	0.2955048030190355
2203	21	0.26866161785526543
2203	22	0.28704594044540954
2203	23	0.2788961948769213
2203	24	0.2901372696831004
2203	25	0.2671520331972772
2203	26	0.2527885685226394
2203	27	0.2670753596563529
2203	28	0.24147006669382876
2203	29	0.24523462564976484
2203	30	0.2526090319467329
2203	31	0.23445217955008246
2203	32	0.23233907739965076
2203	33	0.2381435003752017
2203	34	0.19767375444926216
2203	35	0.14933718748154945
2204	1	0.154900825314094
2204	2	0.23189800804662042
2204	3	0.25469543912407033
2204	4	0.24899922934159235
2204	5	0.2964038080622373
2204	6	0.25454461082942714
2204	7	0.24922483213464375
2204	8	0.25723829466269166
2204	9	0.23670314974971518
2204	10	0.2268004482692234
2204	11	0.25248958194312365
2204	12	0.3237843377669023
2204	13	0.23555736243646663
2204	14	0.18547013081796848
2204	15	0.18796729682207314
2204	16	0.21348930484379736
2204	17	0.204933816784596
2204	18	0.21499853396868218
2204	19	0.20251497771232607
2204	20	-1.347029475337301
2204	21	-0.40501403182076245
2204	22	-0.008561431408438125
2204	23	0.1082653854143274
2204	24	0.13237686780250613
2204	25	0.17400739942752352
2204	26	0.20586574900453058
2204	27	0.19761259137153075
2204	28	0.1715264362514688
2204	29	0.18669675756146376
2204	30	0.1728810617854819
2204	31	0.20179258812702727
2204	32	0.18269107324191936
2204	33	0.19612463599982277
2204	34	0.13509906197379706
2204	35	0.11647021660547807
2205	1	0.13362797027570394
2205	2	0.19736298049171097
2205	3	0.19422967778166367
2205	4	0.2002226238323317
2205	5	0.24255782133747772
2205	6	0.22698448270210747
2205	7	0.2075074491921569
2205	8	0.21199710932929605
2205	9	0.2125123362562178
2205	10	0.2331469615949473
2205	11	0.24696276614476176
2205	12	0.2924462106372019
2205	13	0.20641957836163982
2205	14	0.20954851084261605
2205	15	0.2067126713442562
2205	16	0.21508805812801057
2205	17	0.20438608581456919
2205	18	0.17816493834624225
2205	19	0.22330133001692332
2205	20	0.24076346862488407
2205	21	0.23368744841631894
2205	22	0.2596537406692718
2205	23	0.2336898572088515
2205	24	0.23530605269583305
2205	25	0.22046551195310826
2205	26	0.23450777964517755
2205	27	0.21157348389417052
2205	28	0.20086387720092347
2205	29	0.21390303470614214
2205	30	0.15318271939096206
2205	31	0.19000549298628044
2205	32	0.16645197997602423
2205	33	0.17037283520408408
2205	34	0.15238167116022794
2205	35	0.11039065156645478
2206	1	0.10570260306062096
2206	2	0.18982825828430094
2206	3	0.16818632177584902
2206	4	0.15270411596284816
2206	5	0.21926945828646893
2206	6	0.20422868585589526
2206	7	0.17843846824727194
2206	8	0.1464346048056271
2206	9	0.15716429464895754
2206	10	0.17796560540076456
2206	11	0.1961997968903404
2206	12	0.18167960325278898
2206	13	0.18668655064923456
2206	14	0.1682396611690251
2206	15	0.1706214371116772
2206	16	0.15406969039045038
2206	17	0.16507730534727472
2206	18	0.1364471219518606
2206	19	0.1487869805768014
2206	20	0.19052841409030208
2206	21	0.1822866086867876
2206	22	0.2249223394728901
2206	23	0.20977962805545758
2206	24	0.17062630826911374
2206	25	0.15833578667467663
2206	26	0.1453914018529332
2206	27	0.1742574592118089
2206	28	0.14209003809836673
2206	29	0.17812608379156103
2206	30	0.1478249841896968
2206	31	0.1697015332620211
2206	32	0.1391968688949845
2206	33	0.1654692976275598
2206	34	0.09284342765822373
2206	35	0.10975773723388471
2207	1	0.1273288795522589
2207	2	0.2067576080325466
2207	3	0.17151171477370042
2207	4	0.16981366168594292
2207	5	0.20394745387438462
2207	6	0.18063010738965346
2207	7	0.16673978038487292
2207	8	0.18262809085451437
2207	9	0.17395678422054317
2207	10	0.1865583387658205
2207	11	0.19692071876522022
2207	12	0.23399658177009997
2207	13	0.20869029355603175
2207	14	0.20455493357355437
2207	15	0.2004485046259319
2207	16	0.1899561737501685
2207	17	0.15039773815598778
2207	18	0.1734359123711613
2207	19	0.15739148084893628
2207	20	0.20877787033787598
2207	21	0.20630090830167092
2207	22	0.24127539556071298
2207	23	0.20509199427759484
2207	24	0.1991941959014767
2207	25	0.1888097063480103
2207	26	0.18474118603583634
2207	27	0.17399665749516657
2207	28	0.15916862555752687
2207	29	0.1913678917137176
2207	30	0.1643453235551391
2207	31	0.1883330171226305
2207	32	0.15174206293412595
2207	33	0.1629038206820752
2207	34	0.1517916451326684
2207	35	0.09169201957960382
2208	1	0.08160936899921722
2208	2	0.14542184493204502
2208	3	0.15966206902983515
2208	4	0.130923491851334
2208	5	0.1793651032519179
2208	6	0.11514084385493817
2208	7	0.12976501589253786
2208	8	0.16706796189470197
2208	9	0.14235379663335834
2208	10	0.1578926526333504
2208	11	0.13962657431158476
2208	12	0.17726866334823654
2208	13	0.17624857361110458
2208	14	0.15804146634495453
2208	15	0.17223236049638047
2208	16	0.1539050381283289
2208	17	0.16741469961706912
2208	18	0.15827085491427084
2208	19	0.14665882781977047
2208	20	0.18104768081891365
2208	21	0.18636861393039794
2208	22	0.1691011481358231
2208	23	0.13536812130707432
2208	24	0.13984509467606898
2208	25	0.16578768993076665
2208	26	0.16563047699661126
2208	27	0.15209510891948952
2208	28	0.1533416088960493
2208	29	0.1394001095862123
2208	30	0.14637528953214485
2208	31	0.15914589822267544
2208	32	0.13085035841383075
2208	33	-0.38133755377955936
2208	34	-0.05069458712245023
2208	35	0.06722923350005772
2209	1	0.0720247854657714
2209	2	0.09656164834190406
2209	3	0.12105169906222102
2209	4	0.12732461657191152
2209	5	0.12304712069573043
2209	6	0.10138569724447422
2209	7	0.10791005146486299
2209	8	0.11736876209734248
2209	9	0.11657639829793709
2209	10	0.1178480798040411
2209	11	0.0985268705050899
2209	12	0.18701576557722177
2209	13	0.16305681127849425
2209	14	0.11150266590766478
2209	15	0.09441966806247137
2209	16	0.05470843156984273
2209	17	0.09633017859182047
2209	18	0.06075578433420503
2209	19	0.09171630306190792
2209	20	0.15021027995651792
2209	21	0.11773184853934282
2209	22	0.12472708548837375
2209	23	0.101887751380481
2209	24	0.07000959018115793
2209	25	0.10653102476153009
2209	26	0.0659675459626925
2209	27	0.09412141639094074
2209	28	0.0985030545733423
2209	29	0.07316954171185586
2209	30	0.05543307799946717
2209	31	0.08209202410825611
2209	32	0.10835479430416939
2209	33	0.12381888501555949
2209	34	0.10334657288696292
2209	35	0.07784471692797013
2210	1	0.022880103801263374
2210	2	0.03324107652172614
2210	3	0.02999334388785968
2210	4	0.016545680407681118
2210	5	0.04963084634154313
2210	6	0.07133218765815741
2210	7	0.09507354494947862
2210	8	0.10689795552653436
2210	9	0.08266509013422763
2210	10	0.08826084818105073
2210	11	0.06813404933922129
2210	12	0.07338132181515533
2210	13	0.13194227112695955
2210	14	0.08934871481110207
2210	15	0.03622773903068577
2210	16	0.053831868786467396
2210	17	0.06890965890301715
2210	18	0.050555413335558796
2210	19	0.0352102765706519
2210	20	0.09919049551013615
2210	21	0.09928182143460873
2210	22	-0.7126314668218612
2210	23	-0.2648776399176853
2210	24	-0.08534374082785945
2210	25	0.011489301362693993
2210	26	0.047224821111456095
2210	27	0.034290627608349666
2210	28	0.036514167013926624
2210	29	0.05996843042722588
2210	30	0.07106174091603634
2210	31	0.10498794572476555
2210	32	0.06970575764399456
2210	33	0.11000413447144552
2210	34	0.1036159570009616
2210	35	0.07692902682443759
2211	1	0.02590094138813015
2211	2	0.024564980417984827
2211	3	0.03240277046995743
2211	4	0.008566835773635262
2211	5	0.043690213385588095
2211	6	0.009798204046383319
2211	7	0.036544608773851905
2211	8	0.004261221558799377
2211	9	0.038050009325893086
2211	10	0.03366094022181443
2211	11	0.046272223266946355
2211	12	0.10220275027440806
2211	13	0.051782334854429735
2211	14	0.04593904297474438
2211	15	0.03603638142737253
2211	16	0.01582960383036891
2211	17	-0.015378705490782352
2211	18	0.002226051501281745
2211	19	0.0438114738720472
2211	20	0.039706989928930625
2211	21	-0.016300828782952692
2211	22	0.031798871307962884
2211	23	0.055661795889122345
2211	24	0.03587717403167545
2211	25	0.03215140991193266
2211	26	0.017241716070721225
2211	27	0.0031248061632282997
2211	28	-0.006739314422127052
2211	29	0.020799997306539808
2211	30	0.04998755828265189
2211	31	0.0315082718641051
2211	32	0.009055538950832442
2211	33	0.007606260565317768
2211	34	0.05625105033783484
2211	35	0.04550469350901665
2212	1	-0.04808348507310001
2212	2	-0.03200792395420393
2212	3	-0.07683924042769519
2212	4	-0.06522986162559619
2212	5	-0.05659681222797275
2212	6	-0.06489418863160523
2212	7	-0.019911389533952217
2212	8	-0.08686638018612314
2212	9	-0.03888317024514265
2212	10	-0.03311718741951353
2212	11	-0.07039699574839631
2212	12	0.014384496557447335
2212	13	-0.03344308428574294
2212	14	-0.0857740749824174
2212	15	-0.08245730145173269
2212	16	-0.1206566556582942
2212	17	-0.10668503694424203
2212	18	-0.0497035630032201
2212	19	-0.0629227589966419
2212	20	-0.07429574333895061
2212	21	-0.07911787399692827
2212	22	-0.006571805299017797
2212	23	-0.009822281772386532
2212	24	-0.06108794802157291
2212	25	-0.061866446759061944
2212	26	-0.05507526824546716
2212	27	-0.060973809500069365
2212	28	-0.07615703644150074
2212	29	-0.10186568697135812
2212	30	-0.07448785401713565
2212	31	-0.034703935274286835
2212	32	-0.049595632116592014
2212	33	-0.02583816697941188
2212	34	0.016969831219228126
2212	35	-0.0030981018255431536
2213	1	-0.06547814515948858
2213	2	-0.16639517937807113
2213	3	-0.13952057115718475
2213	4	-0.1796819302905348
2213	5	-0.14682592274267847
2213	6	-0.14679805947816504
2213	7	-0.1906880307389045
2213	8	-0.1600209597511295
2213	9	-0.16218076702065076
2213	10	-0.13781618652108563
2213	11	-0.10173003702016103
2213	12	-0.07397943175710253
2213	13	-0.07442169064543691
2213	14	-0.1472692257960233
2213	15	-0.14006693376481394
2213	16	-0.11413917463695356
2213	17	-0.15654160109004067
2213	18	-0.16271380996938234
2213	19	-0.09146425163934424
2213	20	-0.07850178296033761
2213	21	-0.13786946774323638
2213	22	-0.11159838141011136
2213	23	-0.12208088139633588
2213	24	-0.11546673255204354
2213	25	-0.11591859743075617
2213	26	-0.14373669867907068
2213	27	-0.1289524989963695
2213	28	-0.10588310100522591
2213	29	-0.1453869656875284
2213	30	-0.08513746450897486
2213	31	-0.12625272161866974
2213	32	-0.08891029893371183
2213	33	-0.059326935189510266
2213	34	-0.05307547047277694
2213	35	-0.04023123854797461
2214	1	-0.09786581780864623
2214	2	-0.1721107642834454
2214	3	-0.19887838012916603
2214	4	-0.2500657024484383
2214	5	-0.20219803450363827
2214	6	-0.20274856444741118
2214	7	-0.1967613144747915
2214	8	-0.24200363828366278
2214	9	-0.2557067207871029
2214	10	-0.20764336352223722
2214	11	-0.22345091209678714
2214	12	-0.17877506328894555
2214	13	-0.19805664340496776
2214	14	-0.22871852597145192
2214	15	-0.20427068976549378
2214	16	-0.1677277899037506
2214	17	-0.19159430719854242
2214	18	-0.1920677127559145
2214	19	-0.18016172703681832
2214	20	-0.1216320210122106
2214	21	-0.1810974197533355
2214	22	-0.16866779159577305
2214	23	-0.16370741026229751
2214	24	-0.1747814528576015
2214	25	-0.16742085484077762
2214	26	-0.22646608629138854
2214	27	-0.17348895462757952
2214	28	-0.22857110991682816
2214	29	-0.19006252916252464
2214	30	-0.14918943822876685
2214	31	-0.1648570086777852
2214	32	-0.18786630676954985
2214	33	-0.09414623545903567
2214	34	-0.06613822286317372
2214	35	-0.07526480944757452
2215	1	-0.12180414025570485
2215	2	-0.3063229891376835
2215	3	-0.2831131664164914
2215	4	-0.27972234835255705
2215	5	-0.3425784376953729
2215	6	-0.28218885953911865
2215	7	-0.279356099959557
2215	8	-0.3612092180935207
2215	9	-0.3288555819957111
2215	10	-0.26630788111168613
2215	11	-0.2651546432563734
2215	12	-0.24125097320580835
2215	13	-0.31930632865196173
2215	14	-0.33681403860455816
2215	15	-0.3287261813270561
2215	16	-0.30753728800779356
2215	17	-0.38141505611241655
2215	18	-0.29290024505643686
2215	19	-0.36325419670630765
2215	20	-0.3067620280602199
2215	21	-0.2676833194733703
2215	22	-0.2058754268900671
2215	23	-0.2650036199499013
2215	24	-0.2980302063519744
2215	25	-0.2521314255516316
2215	26	-0.2268236516618174
2215	27	-0.27021344012892
2215	28	-0.27136672938555506
2215	29	-0.19947542979544153
2215	30	-0.2321651563191054
2215	31	-0.22101466061038622
2215	32	-0.26810047116634195
2215	33	-0.15577654514561345
2215	34	-0.1455498823914354
2215	35	-0.14403841710755927
2216	1	-0.1899147601261788
2216	2	-0.2851448735861837
2216	3	-0.4223683371962821
2216	4	-0.3288223214777588
2216	5	-0.41616905236013224
2216	6	-0.413312422647202
2216	7	-0.3538118788359981
2216	8	-0.3852018142581244
2216	9	-0.3322549132130064
2216	10	-0.3438412555896875
2216	11	-0.4308458544752085
2216	12	-0.3902180373492925
2216	13	-0.388342821977794
2216	14	-0.4055526978909896
2216	15	-0.4169315418514685
2216	16	-0.3735189796520402
2216	17	-0.3775511169993564
2216	18	-0.35409523915605234
2216	19	-0.3888565555448906
2216	20	-0.3525265110711473
2216	21	-0.35049732960459323
2216	22	-0.4031828283685073
2216	23	-0.43337598283457623
2216	24	-0.38550941940594186
2216	25	-0.4259566564564281
2216	26	-0.36283964582221984
2216	27	-0.404411975481473
2216	28	-0.4404991687727957
2216	29	-0.3783044069831405
2216	30	-0.3438840090465334
2216	31	-0.3961968056513072
2216	32	-0.38855094797303735
2216	33	-0.299439136694879
2216	34	-0.21759251175939198
2216	35	-0.3059092196721025
>>END_MODULE
>>Per sequence quality scores	pass
#Quality	Count
20	4.0
21	24.0
22	1145.0
23	8436.0
24	24261.0
25	44975.0
26	66966.0
27	90208.0
28	116874.0
29	145070.0
30	178170.0
31	217939.0
32	268005.0
33	336331.0
34	438278.0
35	596197.0
36	895128.0
37	1603032.0
38	4423249.0
39	1.328815E7
40	242513.0
>>END_MODULE
>>Per base sequence content	pass
#Base	G	A	T	C
1	25.098513353626316	25.89824082753262	24.051432774177716	24.951813044663346
2	25.292039945259848	25.558527306231404	24.912087058686865	24.237345689821886
3	25.408202887497495	25.291104550781153	25.453315005402448	23.847377556318904
4	26.592107750482867	24.615205903165787	24.57307399557667	24.219612350774668
5	25.633641658206425	25.29592944602241	25.011286730820224	24.05914216495094
6	25.532592950475646	24.77199542048266	25.153858252060967	24.541553376980723
7	25.256786450093117	24.753009087901194	24.90895892552324	25.08124553648245
8	25.16633162866754	24.653239477736633	25.381363591967006	24.799065301628826
9	25.30331253639609	24.755897934105157	25.018648067833936	24.922141461664815
10	25.50728509148702	24.765621686011567	24.778430064361668	24.948663158139748
11	25.145826911560192	25.031399887448114	24.798586727709495	25.024186473282196
12	25.420332561016544	25.22700174962274	24.660287566366783	24.692378122993933
13	24.969185277935065	25.13998395907236	24.935358803182343	24.955471959810232
14	25.61982392395373	24.98981181385824	24.674100949947476	24.71626331224055
15	25.301998633453927	24.902250189308614	24.91045990736114	24.885291269876316
16	25.326730195755033	24.45632583698794	24.811994442746034	25.404949524510993
17	25.020332190313745	25.027075125130633	24.85948555281596	25.093107131739668
18	25.397889295001193	24.671607510157585	24.953283053983856	24.977220140857366
19	25.494123938605206	24.688627904857345	24.787651340621625	25.029596815915824
20	25.70483097741734	24.766885391484532	24.482460029214835	25.045823601883292
21	25.274796336450013	24.807830719927637	24.766074601300144	25.15129834232221
22	25.374036310016013	24.847965765293342	24.536843897003532	25.241154027687113
23	25.33827136989687	25.098095553321798	24.799852758421633	24.763780318359697
24	25.627946431810166	24.695598931712926	25.01892140765308	24.657533228823823
25	25.509295860119035	24.44355902444214	24.997436481613885	25.049708633824935
26	25.342895006989725	24.651726934787103	24.77152449556617	25.233853562657004
27	25.393324956668035	24.72482601871997	24.668188803697475	25.21366022091452
28	25.33137993336561	24.74290472378915	24.623011843380375	25.302703499464858
29	25.36932724923066	25.07554998581038	24.47565187647317	25.079470888485787
30	25.574817610022937	24.776608343166853	24.440428979743743	25.208145067066468
31	25.155537818265856	25.20963350251385	24.252306768609063	25.38252191061123
32	25.524348769776424	24.819216607969395	24.754606323296365	24.90182829895782
33	25.72137048200122	25.19645040266293	24.27899000004881	24.80318911528704
34	25.746534361490163	24.720696028166724	24.22341200234158	25.30935760800153
35	25.190402731597782	25.279603148477975	24.28991754929039	25.240076570633853
>>END_MODULE
>>Per sequence GC content	pass
#GC Content	Count
0	35767.0
1	42776.5
2	68191.0
3	81851.0
4	70138.5
5	37341.5
6	9808.0
7	7897.0
8	7142.0
9	6493.5
10	7435.0
11	8357.0
12	8230.0
13	11155.5
14	14168.0
15	14331.0
16	20999.5
17	27819.5
18	28260.5
19	44465.0
20	61121.0
21	87399.0
22	114188.5
23	116281.0
24	161681.0
25	208339.0
26	211826.5
27	305294.5
28	400753.0
29	405607.5
30	477460.0
31	551066.5
32	555837.5
33	657558.0
34	762443.5
35	769179.0
36	890350.0
37	1014374.0
38	1022519.0
39	1184224.5
40	1350627.5
41	1513666.0
42	1671405.5
43	1681171.5
44	1884441.5
45	2082987.5
46	2092573.5
47	2269157.0
48	2440680.0
49	2446624.0
50	2438235.0
51	2425358.5
52	2424095.0
53	2383905.5
54	2342922.5
55	2340698.0
56	2261689.5
57	2180324.5
58	2175397.5
59	2036445.5
60	1890713.0
61	1626275.5
62	1366059.5
63	1350541.5
64	1124765.5
65	905953.5
66	892750.0
67	713759.0
68	540898.5
69	531367.0
70	413022.0
71	299357.0
72	293872.0
73	225561.5
74	159532.0
75	155832.5
76	122558.0
77	90946.5
78	89035.0
79	74137.0
80	59855.0
81	47310.0
82	35104.5
83	34636.0
84	27502.5
85	20563.0
86	20247.5
87	16464.5
88	12816.0
89	12624.5
90	8223.5
91	3912.5
92	3766.5
93	2438.5
94	1193.0
95	1150.5
96	693.5
97	241.5
98	194.5
99	129.5
100	89.0
>>END_MODULE
>>Per base N content	pass
#Base	N-Count
1	0.0
2	0.0
3	0.0
4	0.0
5	0.0
6	0.0
7	0.0
8	0.0
9	0.0
10	0.0
11	0.0
12	0.0
13	0.0
14	0.0
15	0.0
16	0.0
17	0.0
18	0.0
19	0.0
20	0.0
21	0.0
22	0.0
23	0.0
24	0.0
25	0.0
26	0.0
27	0.0
28	0.0
29	0.0
30	0.0
31	0.0
32	4.446987528379007E-6
33	5.910975073104655E-4
34	0.0
35	0.0
>>END_MODULE
>>Sequence Length Distribution	warn
#Length	Count
15	5980.0
16	6782.0
17	7828.0
18	9193.0
19	10664.0
20	11342.0
21	15137.0
22	16889.0
23	19650.0
24	22282.0
25	25688.0
26	30492.0
27	35204.0
28	43465.0
29	56995.0
30	75913.0
31	104318.0
32	155792.0
33	262464.0
34	703506.0
35	2.1365371E7
>>END_MODULE
>>Sequence Duplication Levels	fail
#Total Deduplicated Percentage	35.63471594756278
#Duplication Level	Percentage of deduplicated	Percentage of total
1	71.23924800737316	25.385903670607213
2	13.513147487818692	9.630743445718814
3	5.155918696408804	5.511890945857678
4	2.7456056083832925	3.9135550383509576
5	1.6326205160076792	2.908898416904852
6	1.0645776040266337	2.276155231417564
7	0.7656069655907993	1.9097530722412528
8	0.5644804826476296	1.609208132567314
9	0.4352933494640919	1.3960399375814485
>10	2.4992559099038694	16.491196805816006
>50	0.20498489045994908	5.060044657567619
>100	0.15132808311769413	10.76622762338468
>500	0.017159631550435338	4.195362653654866
>1k	0.00998940686503664	6.630981719101816
>5k	6.36480310577443E-4	1.5429090634895777
>10k+	1.4688007167171764E-4	0.7711295857384454
>>END_MODULE
>>Overrepresented sequences	warn
#Sequence	Count	Percentage	Possible Source
TGTATTTTTATTCACACAGGTCTGATTAAGATGAA	36634	0.15938251782524698	No Hit
GTTGATCTTGGGAAACAGCAGTCGTGTGAGCTGCA	24396	0.10613899396366014	No Hit
>>END_MODULE
>>Adapter Content	pass
#Position	Illumina Universal Adapter	Illumina Small RNA 3' Adapter	Illumina Small RNA 5' Adapter	Nextera Transposase Sequence	SOLID Small RNA Adapter
1	4.350671993919501E-6	0.0	0.0	1.3052015981758502E-5	2.1753359969597505E-5
2	1.3052015981758502E-5	0.0	0.0	1.3052015981758502E-5	2.6104031963517004E-5
3	2.1753359969597505E-5	0.0	0.0	2.6104031963517004E-5	2.6104031963517004E-5
4	9.136411187230951E-5	0.0	0.0	3.480537595135601E-5	2.6104031963517004E-5
5	9.136411187230951E-5	8.701343987839002E-6	0.0	4.350671993919501E-5	2.6104031963517004E-5
6	1.0006545586014852E-4	8.701343987839002E-6	0.0	6.090940791487301E-5	3.0454703957436506E-5
7	1.0876679984798752E-4	8.701343987839002E-6	0.0	7.831209589055101E-5	3.0454703957436506E-5
8	1.1746814383582652E-4	8.701343987839002E-6	0.0	1.0006545586014852E-4	3.0454703957436506E-5
9	1.9142956773245804E-4	8.701343987839002E-6	0.0	1.3052015981758502E-4	3.480537595135601E-5
10	1.9142956773245804E-4	8.701343987839002E-6	0.0	1.6097486377502154E-4	3.480537595135601E-5
11	1.9142956773245804E-4	8.701343987839002E-6	0.0	2.3058561567773354E-4	3.9156047945275506E-5
12	1.9142956773245804E-4	8.701343987839002E-6	0.0	4.1766451141627206E-4	3.9156047945275506E-5
13	2.4798830365341154E-4	8.701343987839002E-6	0.0	0.0013965657100481598	3.9156047945275506E-5
14	2.9149502359260656E-4	8.701343987839002E-6	0.0	0.0029323529239017434	3.9156047945275506E-5
15	2.958456955865261E-4	8.701343987839002E-6	0.0	0.005268663784636515	3.9156047945275506E-5
16	2.958456955865261E-4	8.701343987839002E-6	0.0	0.010950641408695384	4.785739193311451E-5
17	2.958456955865261E-4	8.701343987839002E-6	0.0	0.017032880856194844	5.655873592095351E-5
18	3.0454703957436506E-4	8.701343987839002E-6	0.0	0.023080314927742953	6.090940791487301E-5
19	3.1759905555612356E-4	8.701343987839002E-6	0.0	0.02962372560659788	7.396142389663152E-5
20	3.6545644748923805E-4	8.701343987839002E-6	0.0	0.036293305773276476	7.396142389663152E-5
21	4.263658554041111E-4	8.701343987839002E-6	0.0	0.045199131344829696	7.396142389663152E-5
22	4.263658554041111E-4	1.3052015981758502E-5	0.0	0.04552108107237974	7.831209589055101E-5
23	4.872752633189841E-4	1.3052015981758502E-5	0.0	0.045647250560203405	8.266276788447052E-5
24	4.872752633189841E-4	2.1753359969597505E-5	0.0	0.04601705767968656	8.266276788447052E-5
>>END_MODULE
